Вариант 1
N:=6;
K:=3;
S:="NWUEHM";
A:=Matrix(6, 6, [[96,94,81,55,83,93],[85,87,54,76,81,66],[89,86,75,83,67,92],[68,74,75,78,78,63],[99,96,57,91,95,93],[58,62,65,50,55,62]]);
Вариант 2
N:=7;
K:=4;
S:="TZCKPFN";
A:=Matrix(7, 7, [[88,77,56,52,63,96,96],[61,68,89,75,52,98,98],[52,86,86,59,75,59,76],[83,57,96,51,58,70,90],[88,53,93,62,68,59,64],[58,61,92,74,57,90,98],[75,67,92,94,89,66,55]]);
Вариант 3
N:=7;
K:=4;
S:="DGINQEW";
A:=Matrix(7, 7, [[66,72,83,70,58,90,53],[68,85,55,85,85,59,89],[51,72,65,83,92,96,77],[60,52,54,95,88,92,60],[86,97,60,53,76,71,89],[78,83,92,60,79,55,81],[89,73,65,81,60,72,90]]);
Вариант 4
N:=7;
K:=4;
S:="BEAOSPR";
A:=Matrix(7, 7, [[52,99,66,50,54,51,85],[69,81,79,80,66,80,52],[98,88,51,61,98,86,75],[84,64,75,85,73,57,63],[72,95,58,71,98,81,83],[58,52,83,54,52,58,73],[86,95,79,65,78,52,90]]);
Вариант 5
N:=6;
K:=3;
S:="KZOCGV";
A:=Matrix(6, 6, [[52,89,56,90,59,98],[54,82,79,50,68,58],[90,92,95,94,61,58],[99,86,73,98,99,90],[86,61,80,57,77,77],[51,82,93,58,79,63]]);
Вариант 6
N:=6;
K:=3;
S:="GWADMY";
A:=Matrix(6, 6, [[64,98,58,70,63,98],[78,64,54,66,70,91],[70,86,54,52,71,82],[53,77,95,99,73,83],[99,53,98,99,70,71],[91,54,82,62,83,89]]);
Вариант 7
N:=7;
K:=4;
S:="ICMNFPD";
A:=Matrix(7, 7, [[83,86,78,50,78,84,78],[83,51,93,68,81,70,85],[53,89,61,92,77,88,66],[99,63,69,67,67,93,83],[63,59,85,62,72,62,86],[77,82,54,87,95,63,65],[52,57,97,58,90,95,63]]);
Вариант 8
N:=6;
K:=3;
S:="SPXMYV";
A:=Matrix(6, 6, [[84,98,73,64,75,76],[61,68,84,57,80,85],[98,66,87,73,69,65],[66,53,91,64,97,95],[52,83,71,77,59,82],[66,94,67,74,79,73]]);
Вариант 9
N:=7;
K:=4;
S:="GAWULQY";
A:=Matrix(7, 7, [[59,66,63,61,72,64,56],[54,75,68,52,97,65,69],[90,79,93,97,70,82,87],[91,74,50,95,52,86,75],[96,93,84,70,58,86,82],[84,67,73,63,94,51,73],[86,96,74,80,82,51,64]]);
Вариант 10
N:=7;
K:=4;
S:="IUDTBCQ";
A:=Matrix(7, 7, [[91,96,95,81,59,96,58],[96,85,58,97,89,88,77],[87,89,65,89,79,66,85],[62,98,84,91,92,93,85],[93,64,79,65,76,99,73],[83,83,64,90,79,87,72],[51,51,88,89,52,66,50]]);
Вариант 11
N:=7;
K:=4;
S:="ALXMSVD";
A:=Matrix(7, 7, [[63,92,74,87,81,90,90],[84,89,60,95,68,96,91],[58,79,76,99,74,96,99],[93,93,58,74,81,80,54],[62,82,67,77,90,58,53],[67,71,76,61,97,88,63],[69,53,79,77,69,74,51]]);
Вариант 12
N:=6;
K:=3;
S:="TSCRPV";
A:=Matrix(6, 6, [[86,90,67,82,81,64],[69,55,98,89,57,55],[81,52,68,79,55,70],[63,88,60,58,96,93],[98,90,52,64,60,97],[97,78,99,70,75,82]]);
Вариант 13
N:=6;
K:=3;
S:="GXMEOV";
A:=Matrix(6, 6, [[92,77,81,73,57,83],[85,64,68,77,92,69],[87,76,92,58,69,51],[59,65,62,67,84,65],[94,68,85,87,63,88],[70,96,99,59,86,51]]);
Вариант 14
N:=7;
K:=4;
S:="BGXYLZJ";
A:=Matrix(7, 7, [[52,62,71,79,82,60,59],[79,68,53,88,88,98,82],[83,98,76,97,72,74,58],[71,72,89,65,84,96,99],[99,82,62,69,68,59,98],[89,65,68,89,89,63,76],[96,56,60,54,63,78,72]]);
Вариант 15
N:=6;
K:=3;
S:="IAWMYH";
A:=Matrix(6, 6, [[70,55,85,75,91,54],[58,76,86,96,93,91],[93,74,86,93,86,51],[85,90,91,93,94,60],[84,72,66,76,90,70],[96,97,60,59,78,77]]);
Вариант 16
N:=6;
K:=3;
S:="AFLWCB";
A:=Matrix(6, 6, [[60,74,71,82,70,80],[99,98,84,52,92,76],[90,90,67,76,83,62],[52,96,57,99,94,84],[66,59,56,55,71,57],[59,53,89,92,50,59]]);
Вариант 17
N:=7;
K:=4;
S:="JDGQUTP";
A:=Matrix(7, 7, [[64,57,59,58,67,91,88],[72,93,65,72,81,80,97],[92,70,83,54,78,55,69],[93,98,60,80,88,91,81],[80,50,69,75,88,89,61],[67,67,80,88,90,74,63],[98,64,69,77,57,92,75]]);
Вариант 18
N:=7;
K:=4;
S:="RMSGCXY";
A:=Matrix(7, 7, [[96,86,76,71,66,67,55],[94,70,69,85,81,52,88],[71,51,98,54,73,97,53],[81,51,73,94,89,84,92],[51,65,99,51,63,84,99],[58,58,50,68,51,64,58],[98,99,76,72,50,50,58]]);
Вариант 19
N:=7;
K:=4;
S:="HJEGDOQ";
A:=Matrix(7, 7, [[51,93,84,98,53,82,64],[71,94,85,74,69,64,57],[63,54,85,69,73,61,92],[74,78,88,65,84,83,61],[61,68,68,53,74,56,71],[66,88,86,53,79,86,86],[83,61,60,91,83,77,88]]);
Вариант 20
N:=6;
K:=3;
S:="ECVZQM";
A:=Matrix(6, 6, [[97,51,69,62,66,52],[92,60,79,55,77,65],[79,95,95,61,51,90],[54,98,93,94,88,88],[98,57,52,89,63,91],[67,52,81,61,55,78]]);
Вариант 21
N:=7;
K:=4;
S:="YBIWGXP";
A:=Matrix(7, 7, [[76,81,69,62,52,96,73],[50,63,53,95,77,75,68],[91,77,88,74,81,50,54],[73,74,55,91,68,66,53],[84,65,84,58,50,50,55],[69,96,70,68,80,88,53],[86,84,99,99,75,72,90]]);
Вариант 22
N:=7;
K:=4;
S:="CGHJDKY";
A:=Matrix(7, 7, [[72,84,55,80,51,88,84],[81,69,95,64,65,82,59],[64,71,91,66,91,77,83],[92,58,98,74,60,53,87],[61,83,57,55,97,94,86],[59,82,50,56,88,79,96],[63,89,70,77,85,57,50]]);
Вариант 23
N:=6;
K:=3;
S:="MUJIRW";
A:=Matrix(6, 6, [[92,80,63,72,65,85],[53,58,79,50,83,90],[69,57,97,69,63,55],[79,75,52,75,55,50],[77,77,93,96,50,79],[66,68,77,86,90,54]]);
Вариант 24
N:=7;
K:=4;
S:="IXVCHDK";
A:=Matrix(7, 7, [[52,64,99,81,86,83,65],[62,64,65,65,55,91,87],[73,76,89,59,65,93,98],[88,68,69,83,64,85,83],[50,61,77,95,94,73,57],[68,71,81,53,96,63,70],[90,53,78,56,73,65,85]]);
Вариант 25
N:=6;
K:=3;
S:="TWZNSM";
A:=Matrix(6, 6, [[78,76,52,54,76,84],[59,58,78,65,93,87],[65,68,76,80,95,54],[69,71,77,66,74,52],[97,72,62,84,50,50],[75,95,65,84,73,96]]);
Вариант 26
N:=6;
K:=3;
S:="DAPTRV";
A:=Matrix(6, 6, [[70,88,71,83,92,54],[70,69,89,69,87,85],[91,62,79,53,80,66],[81,78,66,68,65,74],[74,90,97,59,68,84],[59,82,63,69,95,93]]);
Вариант 27
N:=6;
K:=3;
S:="WNCUYH";
A:=Matrix(6, 6, [[67,56,54,57,80,94],[81,91,53,51,58,90],[67,54,93,81,98,86],[75,67,59,87,85,95],[78,98,78,69,79,85],[50,98,71,78,94,79]]);
Вариант 28
N:=6;
K:=3;
S:="FWKQMV";
A:=Matrix(6, 6, [[68,94,56,55,94,65],[51,72,65,57,59,60],[70,61,61,94,73,93],[60,82,98,62,55,64],[65,99,55,79,72,60],[79,62,87,65,80,65]]);
Вариант 29
N:=7;
K:=4;
S:="SCDGZWQ";
A:=Matrix(7, 7, [[62,89,51,95,70,85,60],[81,55,94,59,96,60,84],[56,77,76,83,93,73,62],[51,72,82,99,79,51,86],[87,52,96,76,99,72,64],[75,77,89,54,86,87,54],[73,79,88,61,94,93,63]]);
Вариант 30
N:=6;
K:=3;
S:="PETNIB";
A:=Matrix(6, 6, [[62,88,83,69,96,52],[98,65,74,69,81,68],[67,82,62,95,58,60],[94,96,50,73,61,57],[68,87,77,95,68,53],[86,96,83,97,86,95]]);
